MQ.BAM.91 14.81708 -61.14453 674 0.0 BAM
 EHZ 0 -90 1
MQ.CPM.91 14.81678 -61.20742 349 0.0 CPM
 EHZ 0 -90 1
G.FDF.00 14.73500 -61.14300 467 0.0 FDF
 BHE 90 0 1
 BHN 0 0 1
 BHZ 0 -90 1
MQ.GBM.91 14.79949 -61.15927 809 0.0 GBM
 EHZ 0 -90 1
MQ.IA2.00 14.80307 -61.20515 289 0.0 IA2
 EHE 90 0 1
 EHN 0 0 1
 EHZ 0 -90 1
MQ.LAM.00 14.81292 -61.16314 1233 0.0 LAM
 HHE 90 0 1
 HHN 0 0 1
 HHZ 0 -90 1
MQ.MLM.91 14.78417 -61.17867 390 0.0 MLM
 EHZ 0 -90 1
WI.SAM.00 14.84092 -61.16397 522 0.0 SAM
 HHE 90 0 1
 HHN 0 0 1
 HHZ 0 -90 1